[GunData001]
TypeName=303CAL_Browning
FullName=0.303-cal Browning Machinegun
Caliber=7.700000
ROF=1140.000000
MuzzleVel=745.000000
AmmoWt=0.011300
WarheadWt=0.000000
Reliability=97.000000
Accuracy=70.000000
AddLight=FALSE
MaxLightRange=1000.000000
FireColor=0.150000,0.150000,0.150000
GunFireEffect=LmgFireEffect
GunFireSound=50cal
EffectClassName=LmgEffects
EffectTime=0.100000
TracerTexture=Tracer_RED.tga
TracerSize=0.020000
TracerDistFactor=0.002000
TracerLength=0.015000
MaxVisibleDist=4000.000000
MaxStreakVisibleDist=1000.000000
TimeFuzed=FALSE