[GunData001]
TypeName=125MM_D-81K
FullName=125mm D-81K Tank Gun
Caliber=125.000000
ROF=8.000000
MuzzleVel=1400.000000
AmmoWt=11.500001
WarheadWt=0.000000
CartridgeWt=10.468800
Reliability=100.000000
Accuracy=90.000000
AddLight=TRUE
MaxLightRange=2000.000000
FireColor=0.400000,0.360000,0.256000
GunFireEffect=TankGunFireEffect
GunFireSound=TankGun
EffectClassName=TankGunEffects
EffectTime=0.100000
TracerTexture=Tracer3.tga
TracerSize=0.200000
TracerDistFactor=0.002000
TracerLength=0.018000
MaxVisibleDist=4000.000000
MaxStreakVisibleDist=1000.000000
TimeFuzed=TRUE