[TextureSet]
Name=893 NAS (1963) 
Nation=RoyalNavy
Squadron=893NAS
Specular=0.300000
Glossiness=0.500000
Reflection=0.000000

