[GunData001]
TypeName=152mm_ML20_L28
FullName=152mm ML20 L/28 Tank Gun
Caliber=152.000000
ROF=8.000000
MuzzleVel=600.000000
AmmoWt=40.709999
WarheadWt=0.000000
CartridgeWt=15.479700
Reliability=100.000000
Accuracy=95.000000
AddLight=TRUE
MaxLightRange=4000.000000
FireColor=0.400000,0.360000,0.256000
GunFireEffect=TankGunFireEffect
GunFireSound=TankGun
EffectClassName=TankGunEffects
EffectTime=0.100000
TracerTexture=Tracer3.tga
TracerSize=0.200000
TracerDistFactor=0.002000
TracerLength=0.018000
MaxVisibleDist=8000.000000
MaxStreakVisibleDist=1000.000000
TimeFuzed=FALSE