[GunData001]
TypeName=20MM_L70
FullName=20mm L70 Oerlikon Cannon
Caliber=20.000000
ROF=450.000000
MuzzleVel=844.000000
AmmoWt=0.240000
WarheadWt=0.025000
Reliability=92.000000
Accuracy=88.000000
AddLight=TRUE
MaxLightRange=1000.000000
FireColor=0.250000,0.225000,0.160000
GunFireEffect=20mmFireEffect
GunFireSound=20MMGUN
EffectClassName=20mmEffects
EffectTime=0.100000
TracerTexture=Tracer.tga
TracerSize=0.150000
TracerDistFactor=0.002000
TracerLength=0.015000
MaxVisibleDist=4000.000000
MaxStreakVisibleDist=1000.000000
TimeFuzed=TRUE