[GunData001]
TypeName=76MM_M1A1
FullName=76mm M1A1 Tank Gun
Caliber=76.000000
ROF=6.000000
MuzzleVel=1036.000000
AmmoWt=8.120001
WarheadWt=0.000000
CartridgeWt=3.869920
Reliability=100.000000
Accuracy=80.000000
AddLight=TRUE
MaxLightRange=2000.000000
FireColor=0.400000,0.360000,0.256000
GunFireEffect=TankGunFireEffect
GunFireSound=TankGun
EffectClassName=TankGunEffects
EffectTime=0.100000
TracerTexture=Tracer3.tga
TracerSize=0.200000
TracerDistFactor=0.002000
TracerLength=0.018000
MaxVisibleDist=4000.000000
MaxStreakVisibleDist=1000.000000
TimeFuzed=FALSE
