[Runway001]
Heading=0
Offset=0,0
Length=600
Width=30
TouchDownHead=0,300.0
TouchDownTail=0,-300.0
TakeOffHead=0,230
TakeOffTail=0,-170

TaxiHead[01].Heading=90
TaxiHead[01].Offset=-35,262
TaxiHead[02].Heading=60
TaxiHead[02].Offset=-50,258
TaxiHead[03].Heading=30
TaxiHead[03].Offset=-68.5,244.5
TaxiHead[04].Heading=0
TaxiHead[04].Offset=-77,220
TaxiHead[05].Heading=0
TaxiHead[05].Offset=-77,200
TaxiHead[06].Heading=0
TaxiHead[06].Offset=-77,180
TaxiHead[07].Heading=0
TaxiHead[07].Offset=-77,160
TaxiHead[07].Heading=0
TaxiHead[07].Offset=-77,140

TaxiTail[01].Heading=90
TaxiTail[01].Offset=-40,-185
TaxiTail[02].Heading=90
TaxiTail[02].Offset=-60,-185
TaxiTail[03].Heading=90
TaxiTail[03].Offset=-80,-185
TaxiTail[04].Heading=90
TaxiTail[04].Offset=-100,-185
TaxiTail[05].Heading=90
TaxiTail[05].Offset=-120,-185
TaxiTail[06].Heading=90
TaxiTail[06].Offset=-140,-185
TaxiTail[07].Heading=90
TaxiTail[07].Offset=-160,-185
TaxiTail[08].Heading=90
TaxiTail[08].Offset=-180,-185

[LightSet001]
LightOn=0.25
Color=0.88,0.88,0.88
Material=LightMaterial
Height=0.5000
Size=0.2000
Directional=FALSE
Prefix=RPoint
RPoint001=15.05,-273.7285
RPoint002=15.05,-212.7285
RPoint003=15.05,-151.7285
RPoint004=15.05,-121.2285
RPoint005=15.05,-60.2285
RPoint006=15.05,-29.7285
RPoint007=15.05,0.7715
RPoint008=15.05,31.2715
RPoint009=15.05,61.7715
RPoint010=15.05,92.2715
RPoint011=15.05,122.7715
RPoint012=15.05,153.2715
RPoint013=15.05,214.2715
RPoint014=15.05,244.7715
RPoint015=15.05,275.2715
RPoint016=-15.05,-273.7285
RPoint017=-15.05,-212.7285
RPoint018=-15.05,-151.7285
RPoint019=-15.05,-121.2285
RPoint020=-15.05,-60.2285
RPoint021=-15.05,-29.7285
RPoint022=-15.05,0.7715
RPoint023=-15.05,31.2715
RPoint024=-15.05,61.7715
RPoint025=-15.05,92.2715
RPoint026=-15.05,122.7715
RPoint027=-15.05,153.2715
RPoint028=-15.05,214.2715
RPoint029=-15.05,244.7715
RPoint030=-15.05,275.2715

//------------------------------------------------------------

[LightMaterial]
EffectShaderName=twColor1.fx
DepthBufferCheck=TRUE
DepthBufferWrite=FALSE
RenderedInOrder=FALSE
AlphaTestEnabled=TRUE
CullMode=NO_CULL
LightEnabled=FALSE
UseLightLevel=FALSE
SpecularEnabled=FALSE
EmissiveEnabled=FALSE
FogEnabled=FALSE
AmbientColor=1.000000,1.000000,1.000000,1.000000
DiffuseColor=1.000000,1.000000,1.000000,1.000000
ZBufferOffset=0.000000
PriorityLevel=3
BlendOp=BLEND_SRC_ALPHA_ADD_DST
NumTextureStages=1
TextureStage[01].TextureName=light.tga
TextureStage[01].MipMap=TRUE
TextureStage[01].FilterEnabled=TRUE
TextureStage[01].StageColorOp=TEXTURE_MODULATE_DIFFUSE
TextureStage[01].StageAlphaOp=TEXTURE_MODULATE_DIFFUSE
